3408 7038,752
7462 12975,4744,8642
18186 6787,12365,17284
5823 3111
12631 15940
4015 15914,19248,8949,18934
12780 17152,7037
5196 842,10822,12601,3849
19408 6001,6983,6754
15323 10662
13894 10963
8378 15699,18923
7219 17866,312,6554
8195 10233,7674
12502 12417,19353
17688 334,13881
7700 19715,17557,15251,2692
6192 892,9953
11796 2925
3569 6555,5358,10654,16183
18971 4019,4938,9741
13469 2727,1807,13566
12240 18677
15887 14840,5925,14123,2497
16976 1694,17599,13317,16786
10939 8813,19888,19464,16360
7279 17587,3184,12261
10039 15547,3151,4789
6334 13275,6965,5437,658
19465 16775,18812,12982
3195 19660,7846,3610
6536 8022,6006
18449 3775,12751,13932,13812
12454 2439,2674,1246
1556 7877,19363,16299,1106
14453 5877,17327,4699,17033
587 15149,769,17735
14211 15748
6856 4037,17662,4719,13362
8270 2269,17930,2142
10972 5419,6,17502
11794 1601,4036,14565,13804
2910 6778,18391,14850
477 11047,11468,5100,8497
15246 1353,280,15084
5221 14212
12 2708,17082
18681 17599,11573,7594,10614
7437 3066
9885 6891,1713,8328,11552
18897 16823,17332,3894,16682
6655 10027,17461,10626,16135
11190 11899,271,1153
11086 939
12989 6350,127,6705
256 3654
1500 10570,10741,13189,14695
10658 16350,4683,1330
467 17978
3713 19970,3972
11503 529,9616,5410
6207 16323,12045,11311,4214
664 4511,12416,2689,5572
17948 11073
208 17633,9952,14863
13138 17700,8994,15667
7660 7461,11690,10118,1585
7778 13190,17634,2283
8583 1174,15074
18787 8892
18279 6099,3093
12581 18212,12470,9578
3358 14265,14578,3457
1670 6844,3704,17522
17140 3571,2749
6834 11389
11404 9209,10299,4057
15606 9661,9921
12463 3664,14153
788 19717,2484,12230,13411
12318 1477,19753
7221 19857,5296,16934,5268
7043 12993,13641
15383 9803
7259 18500,10131,128,2420
4421 1938,8737
19539 1179,4217
1594 3703,1678,7110,4944
6515 19266,17898,16971
13825 5401,7780,17322
18752 10926,8772,66,10953
18412 6305,379,19674,16068
10585 10377,372,11626
16021 6966,19770,6114
17227 1022,17784,13739,11611
947 14903,16476
2046 13068,17672
10595 19336,12543,4805,736
10617 5010
14372 2245,19516,14659,5222
