8395 5806,15576,8541,10131
11050 9416,17876
11242 17164,1388
16507 17932,18496
6869 8066,13094
439 16427,18894
12704 296,15758,7837
16033 2171,13083,19823
4541 280,4585,12424,11385
3244 4593,19509
14168 14053,18092,7223
2593 2943,15240
7819 15855,16553,1784
14042 11942,14304,2895,5919
17626 3277,2513
7429 18016,267
9208 13063
11030 16348,16887,10489,19770
17654 12337
11027 18672,10949
358 14547,9517
17607 2644,14641,17943
10198 16718,4892,15084,11472
19105 8761,854,16383
13211 12766,7103,2937,14704
9764 12921
3270 13574,5911,1928,16289
18435 4072
7416 9086,18873,3605
11972 14190
14606 15556,17206
18996 15487
11692 16560
17479 301,12214
16418 7266
7668 8545,9901,15507
18068 12127
3291 19453
5115 2217
1382 7824,7523,9337
1044 18940,8582,63,17922
1801 2376,1462,10669
14567 7063,15706,13575,9135
13645 7853,18996,16782
14381 9641
15567 6089,10686,19821,6167
15622 15364,12958,15283
4085 1202
15467 4642,16387
1483 696,18564
3902 17421,17439
16847 12199,1383,7294
2984 7566,4470,10949,17114
13456 6037,11827,5026,3656
10932 10261,12160
19926 2250
3463 7346,5211,17250,7402
18756 5228,3371
16710 3521
2035 9670,18293,5834
1422 5081
18952 9000
6154 8266,14038,10139,14681
11203 7469,11908
3733 9072,10657
6942 17195,9318,7338,3099
5760 7864,18118,3886
1084 13677,2776
18079 7531
5485 13251,2660,4534,12572
934 717,4789,1574,7619
4780 10338,13182
19912 3900,15736,2428
14754 14993,9635,14196,14599
13104 7695,16121,728,18555
16976 11480
9838 7397,13670,15738,195
11468 6138,18433
7153 18903
12805 17377,4797,14027
3825 5134,3094,14680,5297
1270 12090
7255 17253,19300,7515
8780 12384,13105,13388,17858
12506 5751,6934
7415 5189
17576 8907,14484
6570 9348,14788,18776,16018
6202 8605
6977 16866
13394 19534,14300,11675,4425
114 1746,3842,12845,17200
5743 17105,5155
523 10111,11882
84 13271
12144 17125,8489
14528 9108,7984,4718
8651 16662,6619,3427,6884
6161 6800,2763,3217
9449 13110,9564
5919 14646
15741 3005,5941
299 5092
14551 14148,3423
2453 13425,9860,10406,6376
6004 12249
6524 15847
1402 7574
1193 2982
4032 5438,19046
8876 14798,15980,8033
18735 11372
11896 8207,8917,525
11424 13018,5856
14807 5903,4218,16459
6496 16917,19395,14795,6841
16939 15252
2008 10893,4122,15183,11492
10667 4633
2805 15656,3409,1694,4778
2000 8459
7840 12597
6748 12971,4604,18126
7470 7700
6990 2148,9281
11310 15438,11885,7200
141 1569,2817,18949
15260 16488,17129,7351
14156 8668,2488,10764
2730 14175
264 2384
14980 3308,19221,12751
7556 15246,15643
19615 18638
9404 1359
11594 13690,6327
4190 5443,4624
5209 18726,15544,19633
14470 12911,3736,15929,4417
2498 7848,15805,410,2605
19408 14679,5823,6937,13004
8379 11968,15344
19374 19973,6518,451
17482 6672,1241
7912 6681,14213
6240 15504,17607,16340
4454 16926,18498
4834 6358,13459,8067,7773
4277 3833,13149,7990
8441 17149
16254 10887
8994 13155,13715,18659,17572
2017 14927
10319 5623,12354,5517,1105
15198 512
878 4131,8215
11528 1952,14853,14920,16419
768 12214,11869,10241
3184 12982,19442,5934
17897 17284,16396,15516
6180 18796,8025
5147 1066,2220
15199 18968,5118,5864,1104
6592 13094
14760 5044
19771 10351,2868
12964 11419
9077 19659,11465,5964
5303 13085,17051
10288 16485,7094
13311 16323,10389
11165 9704,17709
18427 12659,4334,14621,18261
4752 14254,8762,7019,3367
1368 18639,16385,1163
4030 9379,1698,6247,17499
4397 19954,15118,13944,2952
8149 9624
17488 13825,9772,9565
19095 16933,5844,15135,4204
19870 726,6914,4874
4942 17869,18496
1922 16838,19348,5952
19246 2266,5524,7710,15228
9523 6491,4631
1062 823,5626,18028
19496 15778
8418 1060,18812
8496 11958,2936,15800
7081 18539,8599,2708,1610
15865 11669,7053,3666
19676 7254,11993
2760 19804,5811,10418,13236
13072 4876,10640
15751 14033,12058
3172 2095,795,9505,15069
14155 18564,8393,15487
903 1576,19700
17172 11847,15255,15700,18102
6351 16572,1860,5564
1072 5891,12028,187,8082
2223 17140,16267,16972,8150
18236 11038
9123 17715,15865
12776 4433,17566,5549,18927
10369 12192
570 10435
9776 3354,11526,2821,1911
2747 12979,161
9245 9051,13831,2616,12588
3610 14463
3957 49,8289
6817 136,19176,11284,19311
2263 19882,6249
17105 16446,17355,11463
9769 10774
15825 9712,19442,18916
17359 7893,15088
16218 7948,7789,15770,14254
14179 19180
4494 11643,12708
14128 16806,16316,4859,8326
15256 7993,2753
5868 16460
2503 17875,13051
13784 5921,10527
5500 8589,4886
10227 11285,1724
7921 7497,15685,15125,1455
19881 19695,3130,2812
16490 17797,13455
18549 7383
1154 6099,17509
10247 7528,9456
6419 3952,17503,11160,2165
14130 7834
15652 14251,18266,9456
15870 7039,15544,10635,15533
12531 7182,17239,2662
9868 7966,4584,12735
19282 15285,1292,9136,7488
7086 6480,17369,5165,10597
5408 4965,5752
3055 15581,15512,4899
17665 18315,15912,7887,5686
6305 17255,11348,17330,5149
18497 18312,14647,8758
5430 10588,14037
8770 3347,14101
12019 9523,17013
11711 11256,14038,15766,6184
9628 3314,19301,17452
17056 13130,8727
19033 5336,14936,2663,3420
19697 7243,13705,4765,5470
12475 14352,12203,10118,3968
6726 17514,18851,15434
10375 3942,1125,6155
7391 5465
10417 9565,8583,16664,10232
3199 6095,674
5677 8371,19172,12415,3039
12951 13033,16409,12534,11019
8068 19628
6274 14500
12739 8306,16972,1918,13284
1557 13389,9773,3423,988
2082 10128
10976 12096,6008
14799 18522,8647,18658,369
9027 16545,8427
2511 14399
9900 12607,7920,4169,15531
6693 9550,16523
8652 13814,9130,15820
15368 18341,11562,7634
2129 13805
15860 18874,8770,9405,10998
9926 12464,11631,11827
8116 4364
11539 4270,3307,7109,1021
3931 17167,4221,15177,19524
5856 2941,3392
3974 9846
1974 2304,16687,6511,12916
4933 3024,7221,1017,3152
11544 5752,8550,3560
8079 3389,19227
10426 12924,4974
10223 10112
8767 3551
1555 7461,3425,19695
4440 3769,7290,16948,9812
16028 12009,17319,9996
15853 15761
6430 11820,12047
6289 5484,1425,7835,8326
14741 12654,6982,14934,6525
11760 1522,19746
13085 14917,8189,2248
763 10347
5539 4203,18140,9470
5439 15957,14719
410 3097
2443 8080,18391
7557 1141,11445,15268
17173 14799,11244,7853,887
12882 19250,7104,13961
14319 9499,12503,15976,9923
3661 19457,14948,1699
6261 6266,9596
8352 6376,10374,16878
7718 7657,16402,15731,9961
17271 7743,19006
9021 3961,17515,8158,13815
884 6850,6425,11829
9726 4058,8358,1111,4526
16154 5918,13546,13791,2434
6519 15968,10401,15614
588 9032,7686,6404,9398
15080 11173
2202 5261
5571 714,1509,4533,16074
9169 18392,37,9348
15867 4769,10535,9198
12529 12029,19741,6173
19593 10747,16597,4196,8075
17288 8860,10846,776
1147 17621,12867,17865,18847
1607 6025
4738 18623,19530
7335 18370,6900,8058
932 6829
14634 11304,6826
2470 17823
5701 1269,15146,9543,12416
7137 1128,19266
16212 6877,7316,8132
14207 942,19723,426,3390
9765 18928
10596 8159
4490 2873,3824
9466 2562,5397,192
16294 15633
6434 16002,17790
7999 524,13546
6678 17309
17073 18179,11004,14992
12845 8242,4334,9990,13734
9391 5722,1002,4176
3333 8986
17216 9326,16890,18858,902
18293 8289,6828
2047 12370
6643 14585,4972
12082 19183
16261 11603
3757 1428,9255,19188,10970
13397 12275
14258 13787,8291,4732,2471
4306 14256,7973,15727
1559 18406,17311,18838,5104
15760 1384,16550,841
814 10437,1872,3080,2460
10065 10597,14126
1197 9842,11537,2016
3633 15992,11806,3209,2000
5901 21,7434
10441 7606,1531,17312
7109 2445,2399
321 10430,4737,18022,4850
19303 5306,18542,14999,15049
17165 3355
16959 17675,6404,18789,9825
6264 5241,17424,1024,9451
6204 17373,8483
7278 6808,10615
9597 5521,13240,11589
8695 12509
290 12279,12740,19065,14443
3740 17442,19726,1013
14013 12148,19745,14214,5050
477 13525,5137
13533 18745
11868 12471,13958,5686,7583
14746 5886
2435 16567,1400,15241,1902
10632 9102,12464,2190,16545
2980 10253
15603 4876,9294
5894 5499,10593,2609
11012 8847,4173,10289
6333 1873,16615,4471,1572
16779 1895,5880,3837,18679
3972 37,18962,2083
19401 5603,9683
19128 17131,19085,3059,927
19007 9536,17030,11989,4391
2038 19168,5583,15204,7902
17700 12292,13274
19358 19827,3442,12893,9031
10126 17261
15073 19971
12557 5822
6243 15229,15604,11272,548
18450 2904,1030
19911 10661,1539,11129
105 11744,16423,4035
7749 8579
15763 11136
7145 15186,7911
2907 13583
9994 1345
12054 19272,13073,16113
9538 16153,3970
12685 10892,6856,12972
599 18743,7933,99,19884
13256 536,12917,16820,7930
176 4137
15213 12191,13523,3136,5575
19581 14794,13536,5485
5323 13103,6698,4561,13964
8461 8950
8600 18756,1153,248,8180
14444 16315
17549 3596
4675 12661,3943,1163
3512 16661,13966,7356,5006
16882 5756
7566 17226,2565
1561 13726
19547 11969
6632 19894,18069,14365,18221
14901 13212,11567,17789,6614
14284 8421,18223,4563,1411
19376 8512,12082,17390
8473 1675,6571,2808
11108 8761
12895 6380,16114,11974,14611
19576 14970,5105,10083,6952
6075 10404
14046 2193,8467,19669,7320
6387 292,18469
2509 17920
4141 5735,7668,14497
6739 17848,11390
11784 11947,1574,2365,13236
15449 310,14918
3588 351
12123 4891
12088 201,12577,8194
16584 14325,16260
5495 14233,18350
9756 1143,19857
13912 6868
12763 4338,9800,10749,3771
12607 1622,9452,1615
14850 1528,14498,12084
14609 11646,7775
16601 4891
8323 1387
3180 17324
7103 7118,3095,11843,15028
10780 5406,19929,9401
15311 17426,10828,14993,8067
8739 8411,10031,15376
959 5533,9604
12931 16535,2707,174,6062
5865 11531,7696,479
5598 265
7087 8009,2762
14442 13056
19874 8605,14856,13824,5110
19420 2827,9637,18368,18318
4528 3126,16702,11696,8421
12919 354,4320,6779,13243
11847 16642,4548
14314 11620,14529,18352,13387
12822 5475,6248,10365,11883
16962 3111,13551,7032,14090
8967 8105
17509 13705
17150 16481,3991
16487 16463,12162,16604,11044
16391 6756,1253,8897
1765 11823,7632,1584
15952 16760,12542
7398 9306,18496,16116
16797 11897
5468 15363,5487,35
9310 6682
13834 11137,6657
9831 19007,13146
16468 14074,16575
13151 17269,9604,10104,17452
16558 15116,15480,19997,15000
5537 11521
15264 16298
2482 7195
4489 1520,19714
16542 7316,4582,1731
13135 1922,18008,12962,12230
601 1553,973,12329,512
2278 5933,8637,3547
2220 12300,18411
14116 19598,9544,15756
16909 19483,18471,8960,14001
235 7684,9644,8054,3207
5661 14885
17228 19610,10956,5861,5689
19050 15253
12074 4747,15341,13965,9132
11837 4850,943,18532
3795 12231,13603
12856 2150,1327
6624 9488,19426,2244,9767
11006 14854,7554,11115
1265 6686
14811 3674
4327 8824,13753,1107,12697
6823 2408,15105
1407 3314,5884,17450
9544 19583,17779
17542 12080,7655,4421
7794 12972,12576,11662
13067 5373,15815
6408 9266,9568
16809 15839,17349,10013,4639
6186 3786
64 13649,17744,2630
11534 12467,6328,12866,2682
2580 7023,18404
5828 19323,17926,14542
72 17053
15110 16274,8524,4809,2936
5413 11508,8188
14361 5944,1930,5461,8654
19062 2098,7882,13290,3438
1342 5755,2014,10275
6895 7992,17728,1387,6543
17371 4954,7796
7793 8542
8491 95,6839
14564 11782
1967 10705,12294,9413
13484 502
2085 9344,13197,1787
12086 15111,14311
14158 690,4248,3864,3659
10278 4432,9443,14760
9281 9683
14589 16858,17870,4210,6335
4007 14272
16401 12546
19887 2376,14914
3815 14834
5627 12282,12920
828 18514,6630
17685 11405
14765 5108
964 2102,15192,5751,17355
15569 13845,639,2132,6878
17642 17594
5848 9866,14561,7949
1259 13006,17503
2759 13748,12509,2157
15445 18230,7791
6952 2042,12484,6594
18532 19661,12611,7868,12629
8916 566,15912,19855
5631 5551,18303
7911 11677
3273 18212,12972
13035 3967,4385,16162
15992 3247,7570
13947 9906,8978
14043 7789,18740
2748 19554
18288 5071,4205,6627,14709
17164 968
16709 3697,5211,4847
10169 10074,3786,3476
11554 3229,7035
10042 7358,14021
17570 10818,5507,19107,12155
4766 4919
18460 15339,19114
5092 14581,16351,6146
140 9268,1477,4610
10427 2041,16631,14656,12062
19963 15543,15138,9031
11264 10314,9505,10157
2707 12270,11849,4901,1591
8973 3387,11483,17250,2443
18837 16547,3328,6896,3580
2363 15505
14030 11148,16534,4391,6151
1783 5134,2261,3810,6235
3502 14380,6846,11981
2043 3209
10965 7401,726
2450 18147,12293,6708
11431 11981
2502 10742,19115
10844 4194,15981
12914 14989,3876
3437 14960,8443,12804,14188
4261 11381
15588 1470,18007
16377 4293
13595 9945
6088 5078,19727,18088,10567
8806 5263
6866 7996,4469
3954 15026
5446 2925
16703 5382,19523,6202,17482
10957 3639
6045 4665,6664,2166
197 8156,18035
5695 19487
10382 13230,13175,16404,4160
18208 4965,13609,7221,19441
15028 18802,7198,5535
16494 14990,2536,147
9146 2887,1760,16783
16292 8143
6649 94,19297,17942,3965
6955 9093
18261 4926,16717,16424,14554
17515 16519,14739,3972,1745
9054 824
19030 4443,12173,5163
8338 12223,11056,13801,16106
6048 15150,15463,918,15720
8548 487,3313
18995 1335,13255,14026
14346 5256,14058,12839
7604 19672,16139,636,431
1580 12072,15440,2269,2633
18585 781
5284 19145,14900,4491
16016 7574,10083,2556
3235 10579,246,14651,6745
18319 5919
17470 16353,5283
16534 13023,18143
5199 8757
11724 12751
3044 734
13892 13107
17966 15934,2306,7346
1985 5843
4794 13299
11569 4882,2537,9778,17395
1596 9444,18872
2429 3734,4181,6608
8979 6740,4141,2882
19798 14357,3514,7763,17387
5125 8800,12517,8844,3624
9635 8926,12970,4984
10532 17683,14141,18475
8825 6142,3614,8756,11032
14435 19753
3230 10510,15403,616,3043
11516 19809,17384,18958
12410 9451,5036
10064 13127,6154
13354 11127,6456,14613,11354
510 11473
18096 6631,7304
19692 4054,2062
15561 5911,9074
11921 18118,199,16466
8500 9234,14919,25
7986 928,4009,17544
2247 2218
11500 4337,18077,1781,13007
12189 2500
7230 16648,12514,18165
17231 11296,10678
17199 12041,6454,5831
13711 5615,8837,5585
142 6287
691 18634,15545,16289,6633
4959 617,16328,8499
2612 12119,8844,12161
2349 1073,10518,2139,15982
11321 10303,8572,13959,8096
11687 9053,8169
6839 3408
2199 10499,4134,3641
6372 6011,19206,15469,15385
10634 15754,4912
14233 10022,13247
9799 2901,13500,257
11382 4752,8427
2775 1577,15588,17500,16237
5309 17779,17369,13449,9507
1122 2862,16515
9920 11411,3383
13978 10815,17510
16515 13011,10222
12927 11623
2646 10132
2724 13687,9860,15095,4095
1357 9865,13053
8885 16878
14789 17074,11648,10527
16568 12556
11241 2982,14845
4421 9514
7292 17523,19335,1243,93
11853 19777,12825,18843,18798
6576 6170,8941
6543 1012,653,9276,17285
2084 14995,11661,17194,4916
19240 13545,1848
3103 3188,295
6736 7823
4203 6635,7696,8495
1024 3206,10697
15911 2760,9952,9534,630
5484 5866
19353 5385,12367,5574
6245 12022,4867,2203
17930 1475,5884,11695
3810 18983
19847 19385,17120,19859
4142 14310,16298,5905,8264
9504 11755,18928,15940
6170 14816,17903,17487
11821 4562,13998,8432
12699 17448,6456,15084,2019
7561 13943,4483,11005
17713 4703
10282 15733,6289,11859,5671
1651 15939,15443,13315,19069
14814 13402,7763,13456,17622
15516 15354,18653,12562,8255
3827 2156,2817
18114 16741,10193,8940
9433 6898,5698,10170
17831 14003,4879,8166,666
17107 19966,10310,17170,1288
3431 17125
13490 14608,6156,12534
1319 794,13890,19958,7577
17474 16094,18398,5032,1039
6756 3116,1125,5806
10586 4606,15074,5926,3061
2608 17516,18404
294 86,6442
19537 10606
5259 10232,5862
18341 10092,19653
5322 5103
18257 12198,17271,2073
1391 10960,11833
15453 8639,5908,8450
5441 8644
81 3384,14455
3464 5180,7166
1224 17537,6229
5260 14437,17062,17338,16862
13138 18217,6194,6422,6431
5588 1635
19790 8038,6979
12423 18559
10595 12885,5262,19217
18399 6583
9210 2113,11523,5563,8350
1403 14359,5296
6484 14223,173,11269
3082 12438,13939,5291
5745 12551
14618 18468,2557,563
15619 17845,12936,5544
484 15440,1151,19288
6946 9350,3566
2935 10596,9241,14458,3945
2005 1468
10886 17651
836 12461,9089
18752 269,8464
13278 3966,9339
7758 15225,9889
18447 7245,813,16354,11213
13023 9912,9415,9,2042
18065 16057
13600 2953,979,17676,15393
6996 11034,2627,5125
7590 11028,16427
17999 344
18521 17329,7128
9735 435,8406
11461 8747,5562
2919 4864,9263,13484,14798
5513 13115,15985,890
13880 17218,10143
19123 10057,15084,3863
15100 14402,5968
6142 3688,3539,1280,10085
18646 3019,14974,16932
9558 8226,10317
8221 15592
13657 16617,19780,3129,6029
6356 3878,18472,14627
14706 6575,744
19186 7052,19050
6341 5887
212 1231,5238
11522 19889,18476,3815,18149
7650 6447
10009 714,15277
10451 11303,19922,10420
5462 14294
16202 1893,16929
908 17786,12033
8635 10535,5486,3840,14759
9718 14470,2778
8011 943,1553,14277,7987
12117 12115
8640 2413,1629
16353 19834,11230,17845,4924
12017 16452,11740,15548
1612 16183,16797
12997 6069,9046,7301,4260
17302 1485
8934 15926,5150,11900,2334
8938 9601,14064,682
10890 6079,9848,2846,18434
10445 7239,14847
12933 3626,8152,18185,1354
9733 17057,12404,17902
10407 978,13960
18476 3003,16219
6218 6907,16365
19235 1328,9489,109,19406
8440 7826,5427,19682
5510 5500,10710
3563 4853,9268
11178 1772,161,13429,6788
2029 19047,228,1375
4409 1222,3891
19751 4810,354
17135 3096,9206
2786 6923,3716,8584,10678
5959 6625,18402,7180
8460 15499
11339 9429,3130,17387
16979 2794,11197,11799,13243
10773 10481,18811,7652,3377
11127 11979,11129
12248 9770,854,4744,17826
9194 3366,9656,10133
7898 12983,559
18736 16704,11197,17210
6196 6921
10158 17468
13115 19834,17797,9464,8980
2880 6800
11746 13280
10875 9230,6443,5806,12828
14012 1120
7538 2269,8477
4340 16244,9700,3317
10455 10269
11389 12933,3157,3730
18739 17754
6299 3495,6947,19422,11917
14004 16155,11199,6332,15542
489 1466,14779,6824,7537
16528 1861,2993,9524
16085 16085,6758,18512,9609
8569 1115,8263,6570
18465 18289,16513,5665,1396
12151 10052
12712 10822,8862,451
14705 8843,18181
9510 19659,15244,8121,2824
10892 4613,13391,1581,11762
10840 12470
14476 3689,6446
19419 898
15558 8183,7909,14189,5719
16002 8616,11898,13127,6282
10350 14460,2264,4547,13892
4186 845,7274,10911
2166 15584
14032 4177
14471 4565,4099,8402,16038
18787 5203,2863,2402,18339
12350 7685
3793 10203,18065
15299 13901
15393 15919,777,14778
10519 503,14994,10479
651 7729,1557
13062 16538,8776,9656,12240
5657 5317,19251,9943,15859
9883 107,6534,16246,11520
9402 17083,6520
9162 14501,18293,15778
15904 9480,17222,19354
16782 13673
355 1596,1315
7046 2938,15889
9094 2815,5249,6339,18867
15662 8778,10761,14815,8579
624 5219,13677,16031
17233 1103,16686,17334
5632 13684
3394 3891,2406
13626 7014,19836,254,11546
19202 13157,16311
183 4466,12724,18528,950
16258 7079,17227,1139,2935
8742 8915,2307,4765,15129
1318 17272
11281 13003,9174,1302,18746
3062 4884,13855,13419,5120
18464 17600,6545,10149
7487 17422,13582,16762,11475
9242 8485,14651,14737
16467 17106,6431
19747 5318
12769 4465,3119
9863 5314,18342,14302
9229 3477
18874 11899
18773 13940,11714,884,10503
8749 2734,2534,5162
18256 5206,14722,8228,4319
14768 1519,14841,19964,18924
13262 13351,5436
9190 2775,1267,19006,18763
779 7554,7532,12659
5471 4352
5811 7676,5166
708 1100,3690,19935,11892
12413 12809,13125,5718,12804
6296 18691,17622,14749
13549 19986,10673,7424,425
13141 19854,18509,18388,4017
14554 14559,3347,8750
13681 6351,6801,8249,955
7729 18995,5974,13360,19890
15767 3822,16471
16841 19139
598 7996,640,6142,19315
14169 9002,19655,6886
1279 5127,3692,6455,17837
4557 1297,18329
14749 17709
10106 12367,3590
12036 16299
12087 11537,13316,8016,7941
17755 14497
13199 13122
7130 14053,13229
2512 9545,18087,11025,14076
16447 490,14649,194,15397
14123 2340,12768,1790
9418 5824
3846 14337,17020,18138
11384 8605,19593,14301
6862 17729,5371,10621
3508 10042,8561
527 16637,10682,6332,2465
12160 1540,19891
4434 2194
8321 10915,8038,7250,5281
19258 2485
2406 18823,4387,5688,5439
11645 1947,9480
15511 15550,4057,19812,13489
15961 17795,13871,16937,7013
13260 7631,1465,18446
16570 16397,7145,2851,6728
11606 17842,5148,11743
22 19577,6092
17604 7203,2559
16783 11131,19772
1459 15397,369
13705 12068,2800,11349,5376
1575 1920,19848
108 15913,16497,2493
972 6747,18920,16894,1190
11938 8887,13560,13295,193
13177 14861,15141,6319,4634
12296 17963
2160 16533
5976 927
11099 5940,5540,4234
3038 18573,14470,16943
20 17676,4270,11120,14114
4746 12387
17021 10120,11126,13999,4391
17378 7868,9847
